(Jan 24 09,5)
(Feb 01 02,178)
(Feb 02 01,128)
(Feb 07 11,64)
(Feb 06 12,94)
(Jan 25 20,99)
(Jan 25 08,20)
(Jan 24 21,9)
(Jan 23 22,11)
(Feb 02 16,525)
(Jan 30 15,323)
(Feb 03 15,391)
(Jan 29 19,279)
(Jan 27 06,35)
(Feb 08 10,54)
(Jan 29 04,138)
(Feb 03 00,206)
(Jan 31 14,201)
(Feb 04 14,261)
(Feb 01 17,257)
(Jan 30 00,170)
(Jan 26 07,34)
(Jan 28 05,109)
(Feb 05 13,115)
(Feb 07 12,61)
(Jan 23 23,9)
(Jan 25 21,111)
(Jan 30 16,338)
(Feb 01 18,255)
(Feb 04 15,275)
(Feb 03 01,165)
(Feb 06 13,95)
(Jan 28 06,131)
(Jan 31 00,161)
(Jan 24 22,8)
(Jan 29 05,122)
(Feb 04 00,206)
(Feb 01 03,183)
(Jan 26 20,128)
(Feb 05 14,143)
(Jan 27 07,42)
(Jan 30 01,179)
(Jan 31 15,221)
(Jan 26 08,46)
(Feb 02 02,98)
(Feb 02 17,456)
(Feb 08 11,73)
(Feb 03 16,363)
(Jan 25 09,27)
(Jan 31 01,125)
(Feb 05 15,166)
(Feb 05 00,128)
(Feb 08 12,81)
(Jan 26 09,57)
(Feb 03 02,226)
(Feb 04 01,185)
(Jan 27 08,41)
(Feb 02 03,83)
(Feb 07 13,94)
(Jan 26 21,127)
(Jan 25 22,117)
(Jan 27 20,87)
(Jan 30 02,162)
(Feb 04 16,257)
(Feb 01 19,259)
(Jan 24 23,7)
(Feb 06 14,171)
(Feb 01 04,162)
(Jan 31 16,245)
(Feb 03 17,338)
(Feb 02 18,374)
(Jan 30 17,306)
(Jan 28 07,128)
(Jan 29 06,103)
(Jan 30 18,262)
(Jan 27 21,82)
(Feb 01 05,135)
(Jan 30 03,160)
(Jan 23 10,7)
(Jan 26 22,99)
(Feb 02 19,363)
(Jan 28 20,510)
(Feb 02 04,104)
(Feb 04 02,165)
(Jan 27 09,59)
(Feb 07 14,91)
(Jan 31 17,216)
(Feb 05 16,273)
(Jan 29 07,108)
(Feb 03 03,338)
(Feb 06 15,186)
(Jan 28 08,161)
(Feb 05 01,106)
(Jan 31 02,122)
(Jan 25 23,121)
(Feb 06 00,77)
(Feb 08 13,93)
(Feb 04 17,244)
(Feb 03 18,327)
(Feb 05 02,75)
(Jan 27 22,111)
(Feb 02 05,73)
(Feb 06 01,60)
(Feb 04 03,168)
(Jan 31 18,212)
(Feb 07 15,162)
(Jan 29 20,293)
(Feb 01 06,141)
(Feb 03 19,341)
(Feb 03 04,274)
(Jan 30 04,94)
(Jan 23 11,8)
(Jan 31 03,150)
(Feb 05 17,192)
(Feb 07 00,50)
(Jan 28 21,535)
(Feb 08 14,82)
(Jan 28 09,186)
(Feb 04 18,197)
(Jan 26 23,92)
(Jan 24 10,5)
(Feb 06 16,154)
(Jan 29 08,157)
(Jan 30 19,291)
(Jan 29 21,230)
(Jan 24 11,5)
(Jan 30 05,96)
(Feb 01 07,166)
(Feb 05 03,82)
(Feb 04 19,212)
(Jan 31 04,111)
(Feb 06 17,161)
(Feb 07 01,74)
(Feb 08 00,89)
(Feb 08 15,104)
(Jan 28 22,713)
(Feb 07 16,91)
(Jan 23 12,15)
(Feb 04 04,144)
(Jan 27 23,181)
(Feb 02 06,78)
(Feb 05 18,144)
(Jan 25 10,18)
(Feb 06 02,55)
(Feb 03 05,203)
(Jan 29 09,146)
(Jan 31 19,213)
(Jan 31 05,110)
(Feb 01 20,283)
(Jan 25 11,31)
(Feb 06 18,136)
(Feb 08 01,58)
(Jan 28 23,469)
(Jan 29 22,294)
(Feb 05 04,58)
(Feb 06 03,60)
(Feb 08 16,117)
(Jan 24 12,5)
(Feb 03 06,161)
(Jan 30 06,99)
(Jan 26 10,58)
(Jan 23 13,9)
(Feb 01 08,181)
(Feb 07 02,68)
(Feb 07 17,96)
(Feb 02 07,64)
(Feb 04 05,117)
(Feb 05 19,150)
(Feb 06 19,140)
(Jan 25 12,37)
(Feb 08 17,114)
(Jan 24 13,6)
(Jan 31 06,98)
(Jan 23 14,10)
(Jan 30 07,87)
(Feb 06 04,53)
(Feb 04 06,125)
(Feb 02 08,102)
(Jan 27 10,53)
(Feb 03 07,173)
(Feb 02 20,374)
(Feb 07 03,53)
(Feb 01 21,528)
(Feb 08 02,57)
(Feb 05 05,80)
(Jan 26 11,37)
(Feb 01 09,199)
(Jan 29 23,257)
(Feb 07 18,115)
(Jan 25 13,66)
(Jan 30 20,206)
(Feb 02 09,134)
(Jan 23 15,10)
(Feb 04 07,128)
(Jan 23 00,2)
(Jan 24 14,12)
(Feb 05 06,62)
(Feb 03 08,161)
(Feb 02 21,316)
(Jan 26 12,46)
(Jan 30 08,123)
(Feb 06 05,60)
(Feb 08 03,54)
(Jan 28 10,210)
(Jan 27 11,66)
(Feb 01 22,289)
(Feb 03 20,344)
(Jan 31 07,109)
(Feb 08 18,126)
(Feb 07 19,106)
(Feb 07 04,47)
(Jan 28 11,303)
(Feb 08 19,90)
(Jan 26 13,75)
(Jan 24 00,4)
(Feb 02 22,270)
(Feb 01 23,276)
(Feb 06 06,53)
(Jan 31 08,118)
(Jan 30 21,230)
(Feb 07 05,61)
(Jan 30 09,206)
(Jan 23 01,2)
(Jan 25 14,64)
(Feb 04 08,131)
(Feb 05 07,99)
(Feb 03 21,287)
(Feb 08 04,58)
(Jan 31 20,239)
(Jan 27 12,61)
(Feb 04 20,215)
(Feb 03 09,140)
(Jan 24 15,9)
(Jan 29 10,166)
(Jan 23 16,9)
(Jan 31 21,224)
(Jan 27 13,70)
(Jan 24 01,3)
(Jan 23 17,5)
(Feb 08 05,54)
(Jan 25 15,79)
(Feb 06 07,76)
(Jan 28 12,291)
(Feb 04 21,182)
(Jan 29 11,200)
(Feb 07 06,32)
(Feb 05 08,99)
(Feb 02 23,238)
(Feb 05 20,124)
(Jan 26 14,89)
(Feb 03 22,277)
(Feb 04 09,145)
(Jan 24 16,6)
(Jan 31 09,126)
(Jan 25 00,9)
(Jan 23 02,1)
(Jan 30 22,226)
(Jan 28 13,356)
(Feb 05 21,147)
(Jan 27 14,79)
(Jan 24 17,6)
(Jan 31 22,237)
(Jan 30 23,216)
(Jan 23 18,2)
(Feb 06 08,64)
(Jan 29 12,231)
(Jan 26 15,101)
(Feb 07 07,39)
(Jan 25 01,6)
(Feb 05 09,103)
(Feb 03 23,250)
(Feb 04 22,156)
(Feb 08 06,49)
(Feb 06 20,118)
(Feb 01 10,185)
(Jan 25 16,94)
(Jan 26 00,79)
(Feb 06 09,104)
(Jan 24 03,6)
(Jan 25 02,4)
(Feb 07 08,49)
(Feb 07 20,96)
(Jan 23 04,5)
(Jan 24 18,12)
(Feb 04 23,168)
(Jan 27 15,81)
(Jan 31 23,271)
(Jan 26 01,77)
(Jan 23 19,4)
(Feb 05 22,126)
(Jan 25 17,99)
(Feb 02 10,146)
(Jan 27 00,68)
(Jan 28 14,390)
(Jan 29 13,292)
(Jan 26 16,109)
(Feb 01 11,238)
(Feb 08 07,65)
(Feb 06 21,98)
(Jan 23 05,3)
(Jan 26 02,26)
(Feb 01 12,266)
(Jan 28 15,489)
(Feb 08 20,107)
(Feb 05 23,92)
(Feb 07 09,51)
(Feb 06 22,97)
(Feb 03 10,184)
(Jan 25 18,90)
(Jan 30 10,162)
(Jan 27 01,55)
(Feb 07 21,110)
(Jan 29 14,331)
(Feb 08 08,60)
(Jan 26 17,107)
(Jan 27 16,88)
(Feb 02 11,192)
(Jan 24 04,7)
(Jan 28 00,157)
(Jan 24 19,9)
(Jan 25 03,2)
(Jan 29 15,382)
(Jan 28 16,636)
(Jan 26 18,89)
(Jan 29 00,246)
(Jan 31 10,165)
(Jan 23 06,4)
(Feb 06 23,86)
(Jan 25 19,88)
(Jan 27 02,27)
(Jan 27 17,89)
(Jan 24 05,5)
(Feb 08 09,43)
(Feb 08 21,111)
(Feb 03 11,186)
(Jan 30 11,234)
(Feb 01 13,267)
(Jan 25 04,9)
(Jan 28 01,143)
(Feb 02 12,276)
(Jan 26 03,39)
(Feb 04 10,206)
(Feb 07 22,92)
(Jan 30 12,215)
(Jan 28 17,683)
(Jan 25 05,9)
(Feb 01 14,313)
(Feb 08 22,85)
(Feb 03 12,222)
(Jan 24 06,3)
(Jan 29 16,415)
(Feb 07 23,78)
(Feb 05 10,103)
(Jan 23 07,2)
(Jan 27 18,93)
(Jan 26 04,36)
(Jan 26 19,96)
(Feb 04 11,262)
(Jan 28 02,110)
(Jan 29 01,175)
(Jan 27 03,41)
(Jan 31 11,154)
(Feb 02 13,399)
(Feb 04 12,249)
(Feb 08 23,77)
(Jan 26 05,29)
(Jan 29 17,378)
(Feb 03 13,290)
(Feb 01 15,296)
(Jan 25 06,5)
(Jan 24 07,5)
(Jan 27 19,72)
(Jan 30 13,296)
(Jan 23 20,5)
(Jan 29 02,183)
(Jan 28 03,110)
(Jan 23 08,3)
(Feb 01 00,211)
(Jan 27 04,30)
(Jan 28 18,592)
(Jan 31 12,246)
(Feb 06 10,77)
(Feb 05 11,110)
(Feb 02 14,469)
(Feb 01 16,267)
(Feb 05 12,85)
(Jan 31 13,234)
(Feb 07 10,54)
(Jan 25 07,9)
(Feb 03 14,327)
(Jan 24 08,5)
(Jan 30 14,388)
(Jan 28 04,109)
(Jan 24 20,3)
(Feb 02 15,489)
(Jan 26 06,32)
(Jan 23 21,7)
(Jan 23 09,4)
(Jan 29 03,150)
(Jan 29 18,331)
(Jan 27 05,44)
(Jan 28 19,572)
(Feb 06 11,90)
(Feb 01 01,219)
(Feb 02 00,193)
(Feb 04 13,232)
